          10  0.42199199999999909        1.0499828570029106E-003   9.6036058692234379E-004
          20  0.47918799999999973        9.8529724787328916E-004   9.8197446999371565E-004
          30  0.50932400000000033        9.8861878958023640E-004   1.0478559309867986E-003
          40  0.52955600000000091        7.3805630619288979E-004   1.0227265848381315E-003
          50  0.54368000000000116        7.4892515573233469E-004   9.3571487358559062E-004
          60  0.55573600000000078        8.0869057398021409E-004   9.9806054812091893E-004
          70  0.56374800000000136        9.5202334238422034E-004   9.6218740440851816E-004
          80  0.57120800000000060        1.0379775206300090E-003   1.0350614360281724E-003
          90  0.57779600000000086        1.0433186367442122E-003   9.8257196343405368E-004
         100  0.58174800000000060        7.5202955024690379E-004   1.0072527528959315E-003
         110  0.58689200000000064        7.1045650425933062E-004   9.7467361167654352E-004
         120  0.59262000000000115        6.4880745303293522E-004   9.7967276038219558E-004
         130  0.59674400000000127        1.4665478739770046E-003   9.2308455636327990E-004
         140  0.59906400000000049        8.7098819994557762E-004   9.9044321570045395E-004
         150  0.60474800000000106        1.0661507085460947E-003   9.5526438858789769E-004
         160  0.60788800000000087        5.9112848763096947E-004   9.3170760978983152E-004
         170  0.60914800000000091        5.2133333333336668E-004   9.2583721089733984E-004
         180  0.61489200000000088        9.6127785323037499E-004   8.8702553548429671E-004
         190  0.61439200000000094        1.3416778881517595E-003   9.8451979688623853E-004
         200  0.61662000000000028        1.2146110488547562E-003   9.7521139992777929E-004
         210  0.61956800000000023        8.8695834801371894E-004   9.2575417557101930E-004
         220  0.62316800000000006        7.3252804269410647E-004   9.2567451007208648E-004
         230  0.62251199999999962        1.2178348729518877E-003   1.0138379786207401E-003
         240  0.62482000000000015        5.6279461420456289E-004   1.0005285176491777E-003
         250  0.62705999999999940        9.3373800750890434E-004   9.8223539579140218E-004
         260  0.63077600000000100        1.0378130852904304E-003   1.0548920525271629E-003
         270  0.62889599999999923        7.3503318141274394E-004   9.4866764918871151E-004
         280  0.63101999999999914        9.2904251786451130E-004   9.1402740231590974E-004
         290  0.63105999999999862        6.3780874876407561E-004   9.2803626147107551E-004
         300  0.63451999999999964        8.0952112044373073E-004   9.5280368898292985E-004
         310  0.63482399999999961        8.1436437381151043E-004   9.5920080293999054E-004
         320  0.63759999999999928        9.8334576263327299E-004   9.5554074545906400E-004
         330  0.63717999999999975        7.5385232859842576E-004   9.1714421276810690E-004
         340  0.63739199999999940        1.2346378686346469E-003   9.5842047746448372E-004
         350  0.64049200000000017        1.0561321466138118E-003   9.6024998415211076E-004
         360  0.64140799999999909        1.2363933210934293E-003   9.8568667864434249E-004
         370  0.64313599999999871        6.9105265919301500E-004   9.5098883670370724E-004
         380  0.64123999999999848        8.8139283712394270E-004   9.7330954116655525E-004
         390  0.64593599999999884        1.0901449444913282E-003   9.9921803494669014E-004
         400  0.64612799999999948        8.8503207725920306E-004   9.5649621118120928E-004
         410  0.64641199999999965        1.2023835586959747E-003   9.0527540512168856E-004
         420  0.64784800000000020        6.6684797534533578E-004   9.8527118633462722E-004
         430  0.64884399999999975        7.9053174790417969E-004   9.5627834051026069E-004
         440  0.64816799999999952        1.0448740487627823E-003   9.8728162243809999E-004
         450  0.65048799999999884        6.7363821480406825E-004   9.8136735005374090E-004
         460  0.65012799999999893        9.7855766877128110E-004   9.6660015711123100E-004
         470  0.65296799999999922        8.8593553816172029E-004   9.9174041467523259E-004
         480  0.65385999999999811        9.2530355379564350E-004   9.5228488016242988E-004
         490  0.65452399999999933        1.1858791394292489E-003   9.4515474022296043E-004
         500  0.65485599999999933        7.4273249259447776E-004   9.4752421196744538E-004
         510  0.65447599999999928        1.1860590204538501E-003   9.5344688889307280E-004
         520  0.65618399999999899        7.5571187925325359E-004   9.2451595307760359E-004
         530  0.65513599999999961        1.0570432557111653E-003   8.9301621705759396E-004
         540  0.65675999999999968        8.7373527646149871E-004   9.9544292313846587E-004
         550  0.65757999999999861        1.4223517302146167E-003   9.8326640624568358E-004
         560  0.65919999999999956        7.1646043544324920E-004   9.3951763515835328E-004
         570  0.65846399999999916        8.7312872921327834E-004   9.5227257343064096E-004
         580  0.66018399999999977        7.8845446567596324E-004   9.6870277077968140E-004
         590  0.65985199999999955        1.1783687406278184E-003   9.4503246755307856E-004
         600  0.65987199999999924        9.1926153937691574E-004   9.6824078225658794E-004
         610  0.66039199999999965        1.0171297306089833E-003   9.7251026958531284E-004
         620  0.66211199999999959        8.1703637889896249E-004   9.6501057134396723E-004
         630  0.66487999999999947        1.0428507936314395E-003   9.1364363368807858E-004
         640  0.66440399999999955        6.4444153256052546E-004   9.0448535395053372E-004
         650  0.66427999999999898        6.8133202870060818E-004   9.7469547168592635E-004
         660  0.66275999999999913        1.2566339518287530E-003   9.1985709441646114E-004
         670  0.66494799999999965        9.9608210281862766E-004   9.0841236123033312E-004
         680  0.66557599999999961        7.4483585067075368E-004   9.3806202819295180E-004
         690  0.66585199999999944        8.4038192375716924E-004   9.2846555594548275E-004
         700  0.66640799999999967        6.7086146938919605E-004   9.2105360946201430E-004
         710  0.66636399999999896        1.1100422414385169E-003   9.7671846810217563E-004
         720  0.66575999999999891        8.2649460574961192E-004   9.4109304121561105E-004
         730  0.66819199999999968        8.7128615021441380E-004   9.3944418821212102E-004
         740  0.66953599999999913        9.7421330085132544E-004   9.4631095144971547E-004
         750  0.66866799999999882        1.0324176588097842E-003   9.6680969895216460E-004
         760  0.67104799999999942        1.1253965227125027E-003   9.3062533762952907E-004
         770  0.66903199999999985        1.1902686904878082E-003   9.2897143543583085E-004
         780  0.66986399999999913        8.8457799103425824E-004   9.1254176504195741E-004
         790  0.67098399999999991        8.5143956528531460E-004   9.0544527736390555E-004
         800  0.67105999999999966        7.5080401348602750E-004   9.0469760445743451E-004
         810  0.67159999999999909        1.0343951533787468E-003   9.6064440629751232E-004
         820  0.67010799999999915        9.6290394121116985E-004   9.3360801187633200E-004
         830  0.67250800000000033        1.2293311641341335E-003   9.2431628417245228E-004
         840  0.67170399999999930        5.7212896758993275E-004   9.5486139757409549E-004
         850  0.67222799999999949        1.0887554566771890E-003   9.5088611347605751E-004
         860  0.67647999999999942        8.2902888302454378E-004   9.5207146798983414E-004
         870  0.67360799999999876        6.5212950315791344E-004   9.3301753222051458E-004
         880  0.67293999999999976        5.8174450291058116E-004   9.2514679547970799E-004
         890  0.67447200000000018        9.0052429173232123E-004   8.9857738377351526E-004
         900  0.67601999999999973        7.8322978038936270E-004   9.7445488589739063E-004
         910  0.67572800000000022        9.7730331922988244E-004   9.3411625526842925E-004
         920  0.67634800000000006        4.9351528176264537E-004   9.6149401114460002E-004
         930  0.67765600000000004        1.1519753083773982E-003   9.7557512352626345E-004
         940  0.67657599999999984        1.1741088346296452E-003   9.1376056203441944E-004
         950  0.67708800000000013        1.4401580160215207E-003   9.0930643260495676E-004
         960  0.67671999999999921        8.3815670770245735E-004   9.7178801386298976E-004
         970  0.67965200000000048        9.4822500845885452E-004   1.0042304264953317E-003
         980  0.67832000000000037        5.4526649957208171E-004   9.9414881367300943E-004
         990  0.67787199999999947        1.0191552057136357E-003   9.6703129787102616E-004
        1000  0.67809199999999969        7.5372968924175489E-004   9.6407570030149691E-004
        1010  0.67705999999999933        6.2254674077085609E-004   9.0253306413877422E-004
        1020  0.68106000000000022        1.0867648217428986E-003   9.7433642184096279E-004
        1030  0.67827599999999877        1.4608180356680614E-003   9.1192481144195523E-004
        1040  0.67882799999999976        1.0139655922279615E-003   9.2449457133335746E-004
        1050  0.67879599999999995        1.0200557718957298E-003   9.3278558409303272E-004
        1060  0.68002399999999974        9.7401254840200177E-004   1.0251188151479509E-003
        1070  0.68078799999999984        7.7393195221978019E-004   9.8970558566302026E-004
        1080  0.67983199999999899        6.6857859174021582E-004   9.4129465272383783E-004
        1090  0.68137599999999976        6.6182777215839845E-004   9.6624661087428988E-004
        1100  0.68241599999999958        7.6740717860712215E-004   9.1572210957469296E-004
        1110  0.68085599999999902        6.9017743290327360E-004   9.2595968090480050E-004
        1120  0.68230399999999936        7.3937390931639918E-004   9.1584535453691695E-004
        1130  0.68070399999999909        5.9569417955489560E-004   9.1061033948707068E-004
        1140  0.68286399999999992        9.2775858928922006E-004   9.4999367575154575E-004
        1150  0.68137599999999987        1.1043864058078940E-003   9.5089307668452989E-004
        1160  0.68322399999999950        1.3728827739874227E-003   9.5144423918617550E-004
        1170  0.68356399999999973        5.2882931503890401E-004   9.3305572930451079E-004
        1180  0.68392399999999964        1.0310805551028944E-003   9.7533738471774806E-004
        1190  0.68350800000000000        9.7174390773610835E-004   8.9500723343210488E-004
        1200  0.68311199999999983        1.0366064291181078E-003   9.4131985964193449E-004
        1210  0.68292399999999898        1.0767597482983407E-003   9.2318415604468701E-004
        1220  0.68527999999999978        1.2959972565129161E-003   9.4347840622136718E-004
        1230  0.68540400000000024        8.8590844774044013E-004   8.4495530469597385E-004
        1240  0.68510000000000049        5.8284360395108694E-004   9.3496541146786819E-004
        1250  0.68515199999999976        1.0704233845643563E-003   9.4026911254598477E-004
        1260  0.68724399999999930        7.7801913715391823E-004   8.9171252680497780E-004
        1270  0.68667599999999940        8.4774105060973065E-004   8.8588918454544246E-004
        1280  0.68680400000000008        1.1200865045958659E-003   9.9544612811943334E-004
        1290  0.68534399999999873        1.2912312814605839E-003   9.4635432106690445E-004
        1300  0.68729999999999958        1.1279125261591768E-003   9.4346608657281468E-004
        1310  0.68542400000000003        8.1841472779186730E-004   8.6498140654428729E-004
        1320  0.68649599999999911        9.7415855428615141E-004   9.1959081254928152E-004
        1330  0.68631200000000059        1.4977648532248917E-003   9.1928204101999155E-004
        1340  0.68848799999999899        9.1431674550511845E-004   9.0824971626430229E-004
        1350  0.68850800000000012        8.2319809955518867E-004   9.3241550251949002E-004
        1360  0.68806399999999990        1.0067893964920433E-003   9.5479792949730677E-004
        1370  0.68891199999999986        8.0797799750021338E-004   9.5187638341257084E-004
        1380  0.68936000000000019        1.1098588498843094E-003   8.9995591074372222E-004
        1390  0.68788799999999994        1.0299134807243350E-003   9.1175737728304532E-004
        1400  0.68709199999999959        8.2855805134254942E-004   8.9821860664910465E-004
        1410  0.68914799999999965        6.6012928026754525E-004   8.9650635205700240E-004
        1420  0.68825199999999986        1.1470239753378392E-003   9.2709006249011821E-004
        1430  0.69111599999999984        8.2794417417813605E-004   9.1494225317956886E-004
        1440  0.69035599999999997        6.6446168688149068E-004   8.7515846146016838E-004
        1450  0.68928400000000034        6.6408700902478987E-004   9.3269208050356361E-004
        1460  0.69018000000000101        8.5608410801744548E-004   9.2313789172271908E-004
        1470  0.68925199999999931        7.6622131992730999E-004   8.8056332852958321E-004
        1480  0.68958800000000009        8.1993062037114624E-004   9.6304278971894941E-004
        1490  0.69151599999999958        1.0479092411931085E-003   8.7184155866006454E-004
        1500  0.69120400000000048        6.4650719683200767E-004   9.2361403940584036E-004
        1510  0.69125599999999932        1.1487608783187057E-003   9.5969941854097851E-004
        1520  0.69177599999999917        9.1977195241236219E-004   8.9131843080359179E-004
        1530  0.69000399999999962        9.4276095709480755E-004   9.0882114838922948E-004
        1540  0.69120799999999971        8.3118763759390101E-004   9.2116152172037316E-004
        1550  0.69250799999999957        7.6823723187855397E-004   9.4461233154867496E-004
        1560  0.69172399999999945        9.0077398817793130E-004   9.3513453641837099E-004
        1570  0.69227199999999967        8.5965988106401453E-004   9.0363551628551257E-004
        1580  0.69278399999999951        1.2295068568784254E-003   1.0002738542854814E-003
        1590  0.69389999999999963        1.1972301366070309E-003   9.5406103836696799E-004
        1600  0.69297999999999971        8.6109491024188888E-004   9.3860383246000976E-004
        1610  0.69348400000000021        8.9943093120031586E-004   9.3218314661748340E-004
        1620  0.69265199999999971        1.0948452960222788E-003   8.4986724885793765E-004
        1630  0.69303199999999987        9.4403013134580316E-004   9.4463040667258679E-004
        1640  0.69302000000000008        8.6099167630508927E-004   8.5839903180023967E-004
        1650  0.69382800000000022        6.2980914216569106E-004   8.7717255736301995E-004
        1660  0.69474800000000014        5.4379898246810314E-004   9.0035007219692494E-004
        1670  0.69455200000000006        8.8161064724358101E-004   9.1089079261574726E-004
        1680  0.69446799999999975        1.0827134636848435E-003   9.7992369749170258E-004
        1690  0.69265200000000005        6.7533168805326241E-004   8.6161392113764902E-004
        1700  0.69516000000000033        1.1522808299676542E-003   9.2884137105598967E-004
        1710  0.69356000000000073        8.3522452071294235E-004   9.7638489076276624E-004
        1720  0.69387599999999972        8.7839145917720566E-004   9.1728516402713399E-004
        1730  0.69483599999999923        8.2396224293208658E-004   9.1064194142976890E-004
        1740  0.69511599999999929        7.6152945518285543E-004   9.3297050109412364E-004
        1750  0.69320400000000004        7.8187125964998506E-004   8.6291483474561117E-004
        1760  0.69619600000000037        4.3074921809421783E-004   9.0137457266137701E-004
        1770  0.69646799999999953        1.1328477391070451E-003   9.3513577079461403E-004
        1780  0.69450800000000013        9.7059065636459724E-004   9.4862619366672442E-004
        1790  0.69706400000000035        6.7591452451054980E-004   8.5508253419220236E-004
        1800  0.69678799999999952        1.1049633478083982E-003   9.4302104397450063E-004
        1810  0.69818400000000058        1.1986688913586364E-003   9.1520899416800512E-004
        1820  0.69561200000000012        9.2924915926786760E-004   9.1516006681661359E-004
        1830  0.69594399999999945        8.7611668426333591E-004   9.0914400049016061E-004
        1840  0.69572799999999946        1.4322358589127218E-003   8.8092456440738958E-004
        1850  0.69711199999999929        1.0186143093002537E-003   9.2633206475236252E-004
        1860  0.69878400000000096        8.7153912387475459E-004   9.2126225162683368E-004
        1870  0.69716799999999957        1.1365256999586570E-003   8.9783950880273323E-004
        1880  0.69562799999999991        8.4390731455266860E-004   9.6868567444333706E-004
        1890  0.69759600000000010        6.4281187847692442E-004   9.6784866072135382E-004
        1900  0.69737999999999989        9.2660911092241069E-004   9.6528065010489635E-004
        1910  0.69779999999999964        8.6535285031926639E-004   8.9062811367806357E-004
        1920  0.69832400000000039        1.0197768819152719E-003   8.9247019788237967E-004
        1930  0.69787599999999961        1.2645519188848925E-003   9.0273312900569140E-004
        1940  0.69640400000000013        1.3194268115780834E-003   9.1921895922025940E-004
        1950  0.69794799999999990        1.0554417716451365E-003   8.7764178467322697E-004
        1960  0.69902799999999954        9.9085686823749647E-004   9.4952283766030316E-004
        1970  0.69972800000000046        5.7373009527317634E-004   9.4735790808544182E-004
        1980  0.69909199999999949        7.2964039849164738E-004   8.8796849499077942E-004
        1990  0.69973200000000035        1.3708073857726234E-003   9.4258436363284248E-004
        2000  0.69792799999999977        5.7533912704684127E-004   9.0787118699976722E-004
        2010  0.69861999999999980        1.2486472680464629E-003   9.1527189691947917E-004
        2020  0.69901200000000008        4.5607211905326298E-004   8.9418501759500578E-004
        2030  0.70144400000000029        1.0635028078111086E-003   9.0005885356445189E-004
        2040  0.69965199999999994        1.1232342191685085E-003   8.9789655777094436E-004
        2050  0.70119200000000015        5.8047643267308705E-004   9.1713933571853921E-004
        2060  0.70037199999999944        7.1163161506191601E-004   8.3734193435541001E-004
        2070  0.70191599999999932        1.0719112732767431E-003   9.1203591322602351E-004
        2080  0.70058799999999954        9.3650983265886870E-004   8.8856265912899842E-004
        2090  0.69979600000000075        4.7745436082063849E-004   9.1485884233733275E-004
        2100  0.70161999999999947        1.3020769733178375E-003   8.8170857999686015E-004
        2110  0.69985599999999959        7.8612862956527543E-004   8.8680741018866752E-004
        2120  0.70062400000000025        1.1459098277497618E-003   9.5212306171486979E-004
        2130  0.70186399999999971        9.3893935433077280E-004   9.2399488152379052E-004
        2140  0.70155199999999984        4.5719142599135891E-004   8.6798236085620722E-004
        2150  0.70090799999999942        5.8057595923741796E-004   9.2104273050865721E-004
        2160  0.70004399999999944        8.9713519357756508E-004   9.7293851126028835E-004
        2170  0.70153600000000005        5.1993845789674695E-004   9.4967635453174879E-004
        2180  0.70232799999999995        7.9990666122163677E-004   9.4405047247971593E-004
        2190  0.70142800000000027        8.5295929302378138E-004   9.0655242904821929E-004
        2200  0.70125599999999955        8.8471866212429598E-004   9.0454038861139698E-004
        2210  0.70245999999999997        1.2068139873236527E-003   8.9615120038299999E-004
        2220  0.70256399999999997        9.4663755823795896E-004   8.9232072740753974E-004
        2230  0.70250400000000002        1.0321963637473235E-003   9.0481896682455265E-004
        2240  0.70142799999999972        5.6857091808225498E-004   8.4164265381064568E-004
        2250  0.70132000000000039        1.0280855995490675E-003   9.2048780306486450E-004
        2260  0.70321600000000006        9.9080573272463226E-004   8.7665942731656430E-004
        2270  0.70374800000000082        9.0291478618477765E-004   9.2662303689526810E-004
        2280  0.70324400000000076        6.6272031975958144E-004   9.3482657721040245E-004
        2290  0.70270399999999966        8.5110542498827223E-004   8.7885923509411882E-004
        2300  0.70299999999999963        7.7192976076550515E-004   9.4686911568837579E-004
        2310  0.70283599999999957        6.5860323581205316E-004   9.1611830759297274E-004
        2320  0.70136000000000009        1.2474756733321839E-003   9.3920018845184176E-004
        2330  0.70275999999999939        6.7200529098448807E-004   9.0366255428895930E-004
        2340  0.70181200000000066        5.8830226546870970E-004   9.1794474622072385E-004
        2350  0.70324399999999976        7.4290600571895688E-004   8.6159248558842711E-004
        2360  0.70595200000000036        1.1384792976207733E-003   8.8469246267107665E-004
        2370  0.70660000000000023        8.8052509586297376E-004   9.3080007389079395E-004
        2380  0.70390800000000053        8.8922538075434353E-004   8.9034853457848197E-004
        2390  0.70388800000000007        9.2469911022159343E-004   8.8631033166042630E-004
        2400  0.70459199999999944        7.7576170453445977E-004   8.9356812834836478E-004
        2410  0.70382800000000012        5.9497301526108249E-004   9.0732315224797955E-004
        2420  0.70266799999999963        8.8984493031084582E-004   9.3283219488159532E-004
        2430  0.70398000000000083        7.5904618509752464E-004   8.9262352282863991E-004
        2440  0.70448400000000055        1.1732643919140191E-003   8.9002234103143115E-004
        2450  0.70661200000000002        5.4829189306422469E-004   8.9042271828298960E-004
        2460  0.70594800000000035        9.6210971885292830E-004   8.0768515066528801E-004
        2470  0.70574800000000026        6.4249651966204061E-004   9.5008120737187572E-004
        2480  0.70491200000000065        5.6621315185479500E-004   9.1384393277349843E-004
        2490  0.70433600000000007        5.3160386253926935E-004   9.2645715157659177E-004
        2500  0.70430000000000015        9.0868892122419149E-004   9.0209953283119926E-004
        2510  0.70499200000000017        7.5466666666662682E-004   9.4109467662970145E-004
        2520  0.70489200000000019        1.0890003571063739E-003   9.3432896413760483E-004
        2530  0.70521600000000040        1.0099980198000449E-003   8.7308604758808573E-004
        2540  0.70562000000000025        1.1771188932681164E-003   8.9958306975998449E-004
        2550  0.70664000000000049        8.8455387374407216E-004   9.0880176126730992E-004
        2560  0.70566400000000007        9.3569605701370091E-004   8.9659241795135428E-004
        2570  0.70719999999999994        1.1406041284239539E-003   9.4757151897212138E-004
        2580  0.70609200000000061        4.7914924606016866E-004   9.3864646506165619E-004
        2590  0.70609199999999994        1.0796715549955492E-003   8.7301970126543835E-004
        2600  0.70502000000000087        6.3789236291620136E-004   9.0102546789065489E-004
        2610  0.70678800000000053        8.8016261123852863E-004   8.9791012757089788E-004
        2620  0.70825600000000022        7.0235666786106236E-004   9.5439754680882907E-004
        2630  0.70738400000000012        8.6865822456883349E-004   9.1949771075308336E-004
        2640  0.70612399999999964        7.9223902117141307E-004   8.8528453358839392E-004
        2650  0.70921999999999996        7.3467150633613957E-004   9.1314997988914252E-004
        2660  0.70741999999999927        6.3322104267698684E-004   9.1815751723378321E-004
        2670  0.70855199999999996        7.9634275144427097E-004   8.6970763751360674E-004
        2680  0.70812399999999964        7.9152061810732659E-004   9.1530804959385266E-004
        2690  0.70737600000000000        8.4714841937189272E-004   9.3266122569979587E-004
        2700  0.70776399999999917        1.0045841594079285E-003   9.2293891481558049E-004
        2710  0.70792800000000011        1.3040081799333676E-003   9.3691475092507815E-004
        2720  0.70899999999999985        6.8764331839504800E-004   8.8446852354296746E-004
        2730  0.70814000000000099        8.8417695564237120E-004   9.2356849097131400E-004
        2740  0.70844800000000052        7.2570088726540429E-004   9.3363694651389456E-004
        2750  0.70728400000000025        7.2738068895637428E-004   9.6657499576850605E-004
        2760  0.70783599999999980        8.2058949000768941E-004   9.0460091400973799E-004
        2770  0.70892000000000044        1.1169641394820702E-003   9.3411151831958230E-004
        2780  0.70880400000000077        6.0376448682880764E-004   9.2732466270455561E-004
        2790  0.70671200000000001        5.4444426303851517E-004   9.0517666872451201E-004
        2800  0.70785199999999948        6.3380473684293049E-004   8.9328164438344201E-004
        2810  0.70866400000000052        6.2437026052030169E-004   9.0560391170189892E-004
        2820  0.70819600000000016        1.2341431575523905E-003   9.1834300550039665E-004
        2830  0.70904800000000079        6.5899047371293165E-004   8.7533754840478221E-004
        2840  0.70860399999999923        8.0495024000800601E-004   8.7803203158938990E-004
        2850  0.71073199999999959        8.0597877005394709E-004   9.1112053717745417E-004
        2860  0.70977600000000018        7.5672275856711411E-004   8.9641215828157369E-004
        2870  0.70926400000000045        9.0753291951307512E-004   8.9863212015526596E-004
        2880  0.70919200000000004        1.3473371268296400E-003   8.9729401262361134E-004
        2890  0.70825999999999967        1.0490927297220547E-003   9.5854390239865934E-004
        2900  0.71053199999999983        1.2251447080061149E-003   8.6865359617069435E-004
        2910  0.70951999999999948        7.0515561718273825E-004   9.1499378536387247E-004
        2920  0.70845199999999975        1.4579260764677373E-003   8.9757153549042772E-004
        2930  0.71136800000000044        6.7056990687025314E-004   8.6540337299781292E-004
        2940  0.70776800000000006        1.1632108818075953E-003   9.5968658878687783E-004
        2950  0.71016000000000012        1.0288807295092933E-003   9.3774812347781984E-004
        2960  0.71033599999999975        6.8583639124467869E-004   9.3010127661966968E-004
        2970  0.71024000000000009        9.2185320595706340E-004   8.5446651546570540E-004
        2980  0.71043600000000073        1.5244315516137106E-003   9.0905256235392800E-004
        2990  0.71045999999999976        6.8640771816436911E-004   9.5137533605833987E-004
        3000  0.70966000000000029        1.0967629137096447E-003   9.1137149175952526E-004
        3010  0.70978800000000064        8.5939617044639128E-004   9.2506735496527236E-004
        3020  0.71047200000000066        9.3715029033055960E-004   9.3132656482067526E-004
        3030  0.70976400000000062        6.7056062779998014E-004   8.8135474149783795E-004
        3040  0.71090000000000009        8.4521660603131224E-004   9.3190820675194213E-004
        3050  0.71059600000000001        8.1251215375523276E-004   9.1694883080607737E-004
        3060  0.71204399999999946        8.9127025456175785E-004   8.6790705337991898E-004
        3070  0.71029599999999982        6.7105754017243756E-004   9.3824590527084894E-004
        3080  0.71018399999999993        1.0767391100499242E-003   9.2707887392441007E-004
        3090  0.71157999999999988        9.7918333319147095E-004   9.2026788815645453E-004
        3100  0.71049599999999991        8.4628757917547487E-004   8.9494011174335892E-004
        3110  0.71044000000000096        1.1104833782336618E-003   8.9730659099132549E-004
        3120  0.71101599999999998        9.4625718843584174E-004   9.3682590354189827E-004
        3130  0.71367200000000031        7.4527966413801992E-004   9.1677357049552719E-004
        3140  0.70963599999999971        8.4505252959670373E-004   8.9416221130186391E-004
        3150  0.71198799999999995        1.1678820336166169E-003   9.3043814532969827E-004
        3160  0.71014400000000122        9.1360482582880111E-004   8.9239411838326773E-004
        3170  0.71168799999999999        1.0624215526596024E-003   8.9912745055675456E-004
        3180  0.71021600000000062        7.7057438893904319E-004   8.8262832126949863E-004
        3190  0.71066000000000007        1.1174932264273721E-003   9.2073465483233428E-004
        3200  0.71148799999999968        9.0983368443539278E-004   8.7892475756399049E-004
        3210  0.71087199999999984        1.0027304944223131E-003   9.3050680697976198E-004
        3220  0.71218000000000026        1.2934879632649145E-003   9.3444399037196551E-004
        3230  0.71093600000000023        1.2781542247405670E-003   9.0292322414333380E-004
        3240  0.71281200000000000        1.1357315801817868E-003   9.0775842751552075E-004
        3250  0.71134400000000042        8.2587488963726499E-004   9.6530770531052200E-004
        3260  0.71203200000000000        8.1249793162123992E-004   9.2159895902858087E-004
        3270  0.71099200000000029        8.7151056600973228E-004   8.6208947826607563E-004
        3280  0.71402799999999977        8.5885815670183824E-004   8.7337735716930026E-004
        3290  0.71130000000000038        1.0269307019787222E-003   9.3982260723294556E-004
        3300  0.71227599999999958        9.7158656044858661E-004   8.8751282019586839E-004
        3310  0.71235599999999977        6.0758026447363064E-004   8.9624608344146723E-004
        3320  0.71443600000000018        7.9450222012131526E-004   9.1997419149998541E-004
        3330  0.71244799999999964        1.0032622344686548E-003   8.8265324193081756E-004
        3340  0.71314000000000022        1.1349987763086078E-003   9.2064758945425832E-004
        3350  0.71115599999999990        9.0894713206484345E-004   9.2668269090300610E-004
        3360  0.71219600000000050        1.0597853032047312E-003   9.2067935185811262E-004
        3370  0.71348400000000023        8.1104486791891927E-004   9.1378854611667533E-004
        3380  0.71451599999999960        1.2539211387572809E-003   9.3049617638576998E-004
        3390  0.71444400000000019        1.2139258626456529E-003   9.2144661034235915E-004
        3400  0.71222000000000096        4.6956244407842369E-004   9.1633976074064892E-004
        3410  0.71325600000000100        9.4183178493354683E-004   8.8808463371081129E-004
        3420  0.71336000000000022        1.2988336648273829E-003   9.1686317199040333E-004
        3430  0.71416000000000013        8.6401646074850511E-004   9.0002716503202989E-004
        3440  0.71266800000000086        8.5320936599539757E-004   8.9294919706390532E-004
        3450  0.71361600000000081        6.4164233720109701E-004   8.7198727721409246E-004
        3460  0.71265600000000062        9.3910974391234908E-004   8.7283848565704769E-004
        3470  0.71508800000000050        5.6129374365536833E-004   9.8823566595368593E-004
        3480  0.71481599999999945        1.1910510764307105E-003   8.6868262732371258E-004
        3490  0.71337200000000067        1.1102440172222601E-003   8.9805581145102663E-004
        3500  0.71488000000000018        5.8938762947460018E-004   9.1775800705798144E-004
        3510  0.71426000000000078        7.1807768072513047E-004   8.6003728306191106E-004
        3520  0.71270799999999990        8.6471678086587106E-004   8.8928912187464149E-004
        3530  0.71309600000000051        6.2351548140807502E-004   9.3060066795936280E-004
        3540  0.71400000000000052        9.5640065988172721E-004   9.1896953704681604E-004
        3550  0.71591600000000055        8.8618934520537308E-004   9.0782497231609732E-004
        3560  0.71302400000000010        9.5621847805715224E-004   9.0737285555497977E-004
        3570  0.71455600000000064        9.0536082432486880E-004   9.5287232057534113E-004
        3580  0.71520400000000084        4.8444057083061042E-004   8.4125870004464313E-004
        3590  0.71589600000000109        1.4960237668937542E-003   9.4914916439543047E-004
        3600  0.71396400000000093        1.1277422873452458E-003   9.5285953349964455E-004
        3610  0.71383599999999936        9.0814487341556920E-004   8.9639346857337237E-004
        3620  0.71462000000000048        1.0775981522710206E-003   9.0258990525827825E-004
        3630  0.71468800000000043        8.3095233183241293E-004   8.8161658764750466E-004
        3640  0.71384400000000003        9.9143801285471000E-004   8.9248887993162278E-004
        3650  0.71615600000000024        1.5382466208857775E-003   8.9757596515640441E-004
        3660  0.71605600000000047        9.4028269980666592E-004   8.4460431024342003E-004
        3670  0.71423599999999987        8.5691851032252461E-004   9.0343400090320790E-004
        3680  0.71547999999999989        6.0109529656747420E-004   9.1605322280641894E-004
        3690  0.71455600000000052        9.4918819115192708E-004   9.6994810513413761E-004
        3700  0.71434000000000020        9.2023668453043532E-004   8.5697468528682049E-004
        3710  0.71687199999999973        8.8918039664505040E-004   8.6019014535877129E-004
        3720  0.71629999999999960        8.8242594904928300E-004   9.2903078333970567E-004
        3730  0.71716400000000047        1.0658405133977149E-003   8.6963137331337224E-004
        3740  0.71574400000000105        1.4910840202871645E-003   9.0028548578316154E-004
        3750  0.71471600000000024        1.0253229301595834E-003   8.8028887588678531E-004
        3760  0.71658000000000033        1.0772681498432077E-003   8.8337982761645616E-004
        3770  0.71550799999999981        7.7794144309766553E-004   8.7223704744402385E-004
        3780  0.71660000000000068        6.8544227409106763E-004   8.7835700147723974E-004
        3790  0.71702399999999955        8.8417595031254595E-004   8.9176079900682458E-004
        3800  0.71615200000000057        6.7566724222972903E-004   9.1144679632167895E-004
        3810  0.71634799999999976        7.2293353006264757E-004   8.8776914798850747E-004
        3820  0.71547600000000044        7.5736267548790653E-004   8.8649342308804292E-004
        3830  0.71843600000000063        1.1585653964182757E-003   8.7792100931529944E-004
        3840  0.71670799999999957        1.1202547329366588E-003   9.1103536862504556E-004
        3850  0.71595200000000092        9.3230038077860087E-004   8.8545324376490249E-004
        3860  0.71587600000000096        5.9692396686869911E-004   9.1716281174418198E-004
        3870  0.71757999999999944        5.7815799455387636E-004   8.9803124680630140E-004
        3880  0.71815599999999968        8.0038768384109525E-004   8.8159045563284495E-004
        3890  0.71541200000000049        6.6653465359607970E-004   8.9591172983464801E-004
        3900  0.71590800000000032        1.0043469962561949E-003   9.0502885393389809E-004
        3910  0.71745200000000042        1.2427074385300710E-003   8.8593971033060811E-004
        3920  0.71756400000000042        9.2994527915472131E-004   9.1546707638007121E-004
        3930  0.71585600000000105        1.1768009366262694E-003   9.0509497945999407E-004
        3940  0.71605599999999991        9.3943150658019881E-004   8.7867278307652132E-004
        3950  0.71672000000000013        5.2208130486430977E-004   8.8390824612917312E-004
        3960  0.71832000000000029        6.8315607457034857E-004   8.8198355425708514E-004
        3970  0.71747200000000133        5.7552449508644515E-004   8.9553022325409139E-004
        3980  0.71908400000000094        7.8972175127972459E-004   8.7485577855240420E-004
        3990  0.71768800000000044        7.6300691710861853E-004   8.4205904714441200E-004
        4000  0.71826000000000034        1.0619269696588482E-003   8.6483332113575142E-004
        4010  0.71796000000000049        5.7339534548353738E-004   9.1104819720762840E-004
        4020  0.71770800000000001        9.2426162722222902E-004   9.1149279219335645E-004
        4030  0.71749200000000035        7.4157909595375592E-004   8.5936773141396942E-004
        4040  0.71853600000000040        8.1475722355389387E-004   8.8375304632786812E-004
        4050  0.71865200000000018        1.0045239889841016E-003   9.0685089683927413E-004
        4060  0.71788800000000041        1.2805804239570599E-003   9.4586480665311240E-004
        4070  0.71653600000000017        1.1769066799595562E-003   9.3072332075628064E-004
        4080  0.71705200000000002        5.1591730603528637E-004   8.8912974047142387E-004
        4090  0.71807200000000027        7.5903564548120183E-004   9.4699060947237414E-004
        4100  0.71921999999999986        9.4279489934039962E-004   8.3247656691881611E-004
        4110  0.71834400000000054        1.2297815524175263E-003   9.1995650328473148E-004
        4120  0.71851200000000015        8.4278480184578146E-004   9.0640324673479824E-004
        4130  0.71790800000000032        8.6627786150483257E-004   8.7598960471865794E-004
        4140  0.71695600000000015        7.7122586401997075E-004   8.4569647809727407E-004
        4150  0.71779200000000043        9.4790154200386553E-004   8.4594131321907970E-004
        4160  0.71778799999999976        8.4268459896532407E-004   8.7215102293904708E-004
        4170  0.71829199999999971        9.1264791799585462E-004   8.9636399348570186E-004
        4180  0.71877600000000119        9.8620169224034591E-004   9.0805990638678422E-004
        4190  0.71791200000000055        9.7962895470116249E-004   9.0113294978397588E-004
        4200  0.71738000000000013        8.0833986251669439E-004   8.9470452797824377E-004
        4210  0.71929200000000082        1.0716724209280752E-003   8.5951323317095629E-004
        4220  0.71828800000000004        1.0072942855877554E-003   9.5486630022354802E-004
        4230  0.71748800000000013        7.8374145396718591E-004   9.1551955966448712E-004
        4240  0.71930000000000049        1.1085325635471972E-003   8.8610516572778207E-004
        4250  0.71669600000000067        7.0185025310094662E-004   9.2140389530137839E-004
        4260  0.72014000000000067        9.8515650194952735E-004   8.8725150349882242E-004
        4270  0.71937600000000024        6.9719947727397221E-004   8.9748102619764117E-004
        4280  0.71884400000000004        5.1634441563318473E-004   8.6456826484039941E-004
        4290  0.71961200000000081        9.5467132214878739E-004   9.4752230001094730E-004
        4300  0.72008400000000028        1.0631182645616600E-003   8.9117803191569899E-004
        4310  0.71907200000000082        9.1777121332059931E-004   8.8489757567691450E-004
        4320  0.71830799999999950        9.6883068122803379E-004   9.0873421182184480E-004
        4330  0.71800000000000053        8.1886642514035837E-004   8.8269944864221271E-004
        4340  0.71924400000000066        8.7646664384780548E-004   9.3156242146738664E-004
        4350  0.71898000000000017        8.6580983285387846E-004   8.9309037663703723E-004
        4360  0.71972000000000014        1.0215456698334355E-003   8.7155172239495877E-004
        4370  0.71980400000000022        6.1980498725184056E-004   9.2203658872188103E-004
        4380  0.71894000000000013        9.7523558407418439E-004   9.0205332458829840E-004
        4390  0.71954800000000074        1.3119220844071877E-003   9.6476989687065563E-004
        4400  0.72006400000000015        8.5231606031254716E-004   9.1090466164424301E-004
        4410  0.72032400000000052        7.6022102049349790E-004   8.9761097303778313E-004
        4420  0.72032399999999996        9.0520372169901559E-004   9.2643976018871117E-004
        4430  0.72083600000000025        8.9479383100247967E-004   8.9876903571447153E-004
        4440  0.72028800000000071        9.9130082887757560E-004   9.2500019606779052E-004
        4450  0.72042800000000107        1.2281158106809055E-003   9.2780778535920139E-004
        4460  0.72054799999999986        1.0595101593556910E-003   8.7952858570152837E-004
        4470  0.72082400000000024        1.0941980320460230E-003   8.8761803697261525E-004
        4480  0.72123200000000109        9.2859367983109562E-004   9.0794994256092809E-004
        4490  0.71939200000000014        8.3957237792698291E-004   9.1125927096399721E-004
        4500  0.72040000000000082        1.2297352922026391E-003   8.9168054166094380E-004
        4510  0.72120800000000007        8.7845925726049833E-004   8.5801272932712073E-004
        4520  0.72016400000000025        1.0135692707785400E-003   8.7595021866036511E-004
        4530  0.72043600000000008        8.2473861179038082E-004   8.8693241355383137E-004
        4540  0.72112400000000032        7.1884969839935270E-004   9.2312163614023321E-004
        4550  0.72031200000000040        6.9494172417541552E-004   8.6317521680700604E-004
        4560  0.72226800000000013        6.8352160008131968E-004   8.7586221590070089E-004
        4570  0.72137200000000046        5.0388887663853582E-004   8.7567622424010222E-004
        4580  0.72038799999999992        8.7412279839082336E-004   8.8889097550412055E-004
        4590  0.72235200000000044        1.0379432654159650E-003   9.1857266641620324E-004
        4600  0.72020799999999974        9.3254824123054525E-004   8.6862563454342750E-004
        4610  0.72001600000000121        6.6086004569799648E-004   9.0702860471958673E-004
        4620  0.72018400000000038        7.5186760063774465E-004   8.8719022819348380E-004
        4630  0.72030800000000084        5.8860437571524652E-004   8.9208626702557835E-004
        4640  0.72028400000000059        1.0015889598256091E-003   9.5536387217463534E-004
        4650  0.72042399999999973        1.1993954032484622E-003   9.2241321558212861E-004
        4660  0.72175200000000050        5.5032273359474702E-004   8.4246334101961121E-004
        4670  0.72081199999999968        7.0983065273044223E-004   9.1119584488488087E-004
        4680  0.72196000000000005        7.3287258252868444E-004   9.1833953143158321E-004
        4690  0.72179200000000088        9.9764700949564532E-004   8.7659929537349025E-004
        4700  0.72116800000000014        8.6680614262288347E-004   9.2700713938617912E-004
        4710  0.72074000000000060        1.0272422628896780E-003   8.9495177375918363E-004
        4720  0.72022400000000020        8.7905403701932856E-004   9.7177587163367011E-004
        4730  0.72306000000000048        1.0916450379537322E-003   9.0018524034437934E-004
        4740  0.72216800000000103        8.4303789291408288E-004   8.7260209766060214E-004
        4750  0.72148000000000012        1.0672165249427990E-003   8.8759159396388455E-004
        4760  0.72158800000000001        9.2725736568780948E-004   8.7796249822904898E-004
        4770  0.72167199999999998        9.5556010334837613E-004   8.7304366585238429E-004
        4780  0.72132000000000029        1.0998828220416432E-003   9.1559807758609900E-004
        4790  0.72049600000000069        1.2597311882566939E-003   9.2237602042013805E-004
        4800  0.72124400000000066        1.3593782892679493E-003   8.9549805221622125E-004
        4810  0.72163600000000017        8.7299128161607350E-004   9.0034451655851924E-004
        4820  0.72209600000000063        1.0984951322403017E-003   9.2152046528325908E-004
        4830  0.72228800000000026        7.6883288171091782E-004   9.1508517294702980E-004
        4840  0.72205600000000003        9.7362917878306978E-004   9.0571649689375248E-004
        4850  0.72111600000000053        8.1548240664989743E-004   9.4512624301225563E-004
        4860  0.72241200000000105        6.9976631019852626E-004   9.3491424274238404E-004
        4870  0.72352000000000072        9.7238309780086458E-004   8.9817628630607150E-004
        4880  0.72341600000000028        9.4211487858138231E-004   8.7488555678725741E-004
        4890  0.72212000000000032        1.0015987220439390E-003   8.4679000148397293E-004
        4900  0.72272800000000048        6.4964400507758321E-004   8.8489214043317136E-004
        4910  0.72254800000000052        1.1081925223834488E-003   9.4031472154332621E-004
        4920  0.72297200000000028        1.0120351333382997E-003   8.5813706973939929E-004
        4930  0.72337600000000035        9.9601338679098988E-004   8.9787393503008839E-004
        4940  0.72247600000000045        8.6023149339121811E-004   8.5198509682413040E-004
        4950  0.72318000000000016        8.4268881827424412E-004   9.4876314378564185E-004
        4960  0.72183200000000003        1.1848045314641403E-003   9.1768177036668217E-004
        4970  0.72366800000000109        1.0685325347306741E-003   9.1014519751582586E-004
        4980  0.72206799999999993        6.2439446221469860E-004   8.6668392973917371E-004
        4990  0.72391200000000122        7.7679226452261909E-004   8.8615294734723123E-004
        5000  0.72350400000000037        9.5170863888769340E-004   8.7493942991045211E-004
        5010  0.72299199999999975        8.4980102246209248E-004   8.9947650773989176E-004
        5020  0.72306399999999915        4.9596415641095883E-004   8.8746774927995196E-004
        5030  0.72332800000000042        9.7828512090173000E-004   9.2086525487460524E-004
        5040  0.72082399999999980        8.7027352022227679E-004   8.9778286692958516E-004
        5050  0.72213600000000011        6.3071599525192548E-004   9.1055435118004191E-004
        5060  0.72440400000000116        1.2735036535305249E-003   9.5718858537696423E-004
        5070  0.72376800000000030        8.4911038413414000E-004   9.3406922797257988E-004
        5080  0.72304000000000024        1.0136666118600451E-003   8.3493654733527638E-004
        5090  0.72415200000000035        7.3347392591693818E-004   9.1271237515414493E-004
        5100  0.72075199999999962        1.4572034098840746E-003   8.8693308236031530E-004
        5110  0.72319200000000028        1.1191234665278284E-003   9.0487339651879257E-004
        5120  0.72386800000000051        7.6763533008844249E-004   8.3222493876198840E-004
        5130  0.72245600000000076        8.6078413863946652E-004   8.6653210198326660E-004
        5140  0.72408400000000084        6.1646879708354002E-004   9.0201393907887370E-004
        5150  0.72261600000000070        8.0602619201989580E-004   8.7946575147417288E-004
        5160  0.72434399999999943        1.2184682551831937E-003   9.0594304102806385E-004
        5170  0.72407200000000083        9.6025552154969484E-004   9.3276456379030989E-004
        5180  0.72374000000000038        6.9205651663871166E-004   8.8726957267178878E-004
        5190  0.72326400000000002        4.8648215680429144E-004   9.2448577918312206E-004
        5200  0.72422799999999987        6.1709138527259026E-004   8.9387586393203391E-004
        5210  0.72438000000000091        7.0490976569895138E-004   9.0767336739807963E-004
        5220  0.72396000000000016        9.7057142389878190E-004   9.1159355285742546E-004
        5230  0.72396000000000027        5.9637423001184583E-004   9.1695933871558202E-004
        5240  0.72392400000000023        1.1156494869705637E-003   9.0971402496302584E-004
        5250  0.72460400000000091        9.4628067248102548E-004   8.4176927898211846E-004
        5260  0.72316800000000081        1.0288427155465251E-003   8.6424846126886997E-004
        5270  0.72376000000000007        7.6394298798345838E-004   8.6364841061297023E-004
        5280  0.72545200000000010        7.3862454753561039E-004   8.9956981034679826E-004
        5290  0.72398000000000051        1.2829029581383328E-003   9.3771521243887193E-004
        5300  0.72365600000000130        7.9527940582743836E-004   9.0691582886245968E-004
        5310  0.72527200000000025        7.6165433979811408E-004   8.8044215527060957E-004
        5320  0.72541999999999984        9.7154630472366188E-004   8.8410547163217000E-004
        5330  0.72392000000000067        1.0085677413485333E-003   9.0204132783051004E-004
        5340  0.72548000000000068        5.1301288699432573E-004   9.0612876495416183E-004
        5350  0.72438000000000069        7.9135888754027059E-004   9.0966707557037273E-004
        5360  0.72417200000000070        1.2146081215308837E-003   8.7187451065199142E-004
        5370  0.72492800000000035        9.4594902376157405E-004   8.4350972092714946E-004
        5380  0.72468000000000032        1.0919503448213043E-003   9.1954680830577185E-004
        5390  0.72448800000000046        7.5457243227907301E-004   8.3115904779136759E-004
        5400  0.72472400000000015        9.1292837737814829E-004   9.3455145435748126E-004
        5410  0.72288400000000075        1.0868989526784016E-003   8.9567491597689660E-004
        5420  0.72643999999999942        8.8836428964197208E-004   8.9140900827851277E-004
        5430  0.72619200000000050        1.0483900885537828E-003   9.0021054762767642E-004
        5440  0.72591600000000112        1.0064935833542746E-003   8.7865918987050317E-004
        5450  0.72483600000000037        8.0565666798379943E-004   9.0550432586947746E-004
        5460  0.72501199999999988        8.2317650328202175E-004   9.1789584243263174E-004
        5470  0.72557999999999967        1.1548737304715707E-003   8.9177897456654495E-004
        5480  0.72576400000000096        9.6885637050425795E-004   9.0421447435399020E-004
        5490  0.72441600000000028        1.1948660547898419E-003   9.6655384779191879E-004
        5500  0.72530800000000073        7.7303557486054376E-004   9.3484015973239955E-004
        5510  0.72585200000000039        8.4756487788377303E-004   9.1186137891057666E-004
        5520  0.72429200000000116        8.6344117730548188E-004   8.9770441596155365E-004
        5530  0.72448400000000024        9.0089239707697995E-004   8.9734159151558777E-004
        5540  0.72574400000000083        8.7786002427613715E-004   8.9077937998564719E-004
        5550  0.72488400000000008        6.4507570615129851E-004   8.6259447392903388E-004
        5560  0.72471600000000058        4.5358620398381266E-004   8.7590702373508691E-004
        5570  0.72292800000000057        1.3078334926299509E-003   8.9757948386742878E-004
        5580  0.72586800000000062        7.4313569868947544E-004   8.7884805273699066E-004
        5590  0.72483600000000092        1.0626499371330976E-003   9.0374981907104311E-004
        5600  0.72638400000000070        8.6818738376767614E-004   9.0949626437375746E-004
        5610  0.72516399999999981        8.1587471805151968E-004   8.3665176767919582E-004
        5620  0.72545600000000010        5.7655528789534447E-004   9.2829930906708686E-004
        5630  0.72726800000000091        7.8238495781948519E-004   9.3751919258911517E-004
        5640  0.72564000000000040        1.0557945928172049E-003   8.4456816822655874E-004
        5650  0.72611999999999988        8.1830176449633658E-004   9.3160236470924904E-004
        5660  0.72606400000000026        5.4478374914584938E-004   8.8289456540815579E-004
        5670  0.72675999999999941        1.2188300401068614E-003   9.0647901708579704E-004
        5680  0.72540399999999938        8.0913561560745531E-004   8.8717965682660730E-004
        5690  0.72605600000000059        1.1271706959364897E-003   8.6308026456765512E-004
        5700  0.72598800000000030        1.1866374528238816E-003   9.4488588234840497E-004
        5710  0.72652400000000084        7.7067243365772694E-004   8.7442099251120885E-004
        5720  0.72662400000000049        1.0283656937101480E-003   8.8109358174918030E-004
        5730  0.72522800000000009        1.2911466049816704E-003   9.0789899944122301E-004
        5740  0.72538000000000058        1.0912541205216832E-003   8.6600411445472041E-004
        5750  0.72852400000000028        6.7449932048395389E-004   8.7703890591294168E-004
        5760  0.72614799999999990        6.0363491541740326E-004   9.1237110545442941E-004
        5770  0.72699200000000019        9.1322724444692274E-004   8.3390086539505048E-004
        5780  0.72781599999999969        5.7870967582103298E-004   8.5784619144480294E-004
        5790  0.72625200000000079        1.0119297296639863E-003   8.5422502467767322E-004
        5800  0.72631200000000051        1.1465395278353141E-003   9.1359653527063980E-004
        5810  0.72684400000000060        1.0423639799353910E-003   9.0617970144039656E-004
        5820  0.72711200000000009        7.1799226241572888E-004   9.0907190885591881E-004
        5830  0.72584400000000060        1.3066183664542487E-003   8.8231757128212455E-004
        5840  0.72668000000000044        9.4769896767554686E-004   8.9218562551789788E-004
        5850  0.72511600000000032        9.3185501972021384E-004   9.0330338314655392E-004
        5860  0.72565600000000030        9.8794871661784123E-004   8.9705112979078310E-004
        5870  0.72642799999999941        7.1178148956612698E-004   8.6384610445632655E-004
        5880  0.72676799999999975        5.6875067765518579E-004   9.2507506709429705E-004
        5890  0.72738800000000015        9.7221945396432996E-004   8.9507386647857577E-004
        5900  0.72704399999999969        7.0562060942443942E-004   8.2857540538252238E-004
        5910  0.72664400000000018        1.0222841527132984E-003   8.8956685323405952E-004
        5920  0.72755200000000020        6.4337443737432594E-004   8.6635543252809501E-004
        5930  0.72715600000000058        8.5317602716756201E-004   9.2378899116649104E-004
        5940  0.72716800000000070        3.4992316616970308E-004   8.6021362868414660E-004
        5950  0.72727200000000092        6.7014558948865215E-004   8.6488153648016342E-004
        5960  0.72751600000000072        8.9405841221058607E-004   8.5642420144788772E-004
        5970  0.72730799999999973        9.6434295420944982E-004   9.0410014165039499E-004
        5980  0.72614400000000068        9.7404905192485184E-004   8.9732095584333391E-004
        5990  0.72714399999999979        8.1055701012739409E-004   8.4611011852201042E-004
        6000  0.72709200000000052        6.9908003038916128E-004   9.1816617791145108E-004
        6010  0.72633600000000009        8.6595252628412817E-004   8.5385733744309427E-004
